%  columns="iteration, evaluation, sigma, axis ratio, bestever, best, median, worst fitness function value, further objective values of best" (startseed=209736, 2015/04/25 14:9:30.36)
2 21 8.557441e-01 1.084953e+00  2.567768778224573794e+02  2.567768778224573794e+02  2.767418346005710532e+02  3.154366513134077081e+02
3 31 8.676530e-01 1.178821e+00  2.127176720255482110e+02  2.130900104865320941e+02  2.431563483432474868e+02  3.513519857139173155e+02
1 11 8.746073e-01 1.035390e+00  2.545562438596106176e+02  2.545562438596106176e+02  3.910353860651343894e+02  1.557283495645576750e+03
2 21 9.445208e-01 1.142859e+00  2.287145784580513634e+02  2.287145784580513634e+02  2.714097295437449020e+02                       Inf
3 31 8.217201e-01 1.099325e+00  2.386843823965868694e+02  2.386843823965868694e+02  3.189276704725582476e+02                       Inf
2 21 8.487799e-01 1.098213e+00  2.545562438596106176e+02  2.742662491010061103e+02  3.135293963983369849e+02  1.028017454346189425e+03
4 41 8.653850e-01 1.244281e+00  2.052903237191624726e+02  2.052903237191624726e+02  2.117396168268542169e+02  2.686923210709794603e+02
4 41 7.886804e-01 1.145775e+00  2.353315160783702709e+02  2.353315160783702709e+02  2.849055452834161315e+02  5.469024715035520785e+02
3 31 8.832274e-01 1.160745e+00  2.269230110041579849e+02  2.269230110041579849e+02  2.575341157339944402e+02  6.698760376672877328e+02
3 31 8.040564e-01 1.116876e+00  2.545562438596106176e+02  2.721118214428981332e+02  2.876776111299285503e+02  3.794646665654189519e+02
5 51 7.837685e-01 1.209000e+00  2.265738999749544291e+02  2.265738999749544291e+02  2.585515991498572248e+02  1.029657611826532047e+03
5 51 7.792381e-01 1.267891e+00  2.006634476089739110e+02  2.006634476089739110e+02  2.557872342989558092e+02  7.381910069176688012e+02
4 41 8.824729e-01 1.260300e+00  2.254133039802061944e+02  2.254133039802061944e+02  2.756668546220006988e+02  3.827402024058303027e+02
4 41 7.440234e-01 1.136110e+00  2.545562438596106176e+02  2.563699819718425488e+02  2.738640486066691437e+02  3.839830854487935312e+02
6 61 7.854012e-01 1.274233e+00  2.108421927018830786e+02  2.108421927018830786e+02  2.474598821294951847e+02  3.484656615464213587e+02
6 61 7.868448e-01 1.271717e+00  1.970466978561829876e+02  1.970466978561829876e+02  2.173048656544125379e+02  3.082457324495162538e+02
7 71 7.653464e-01 1.313122e+00  2.108421927018830786e+02  2.192370882452823935e+02  2.408934809736465752e+02  4.788814341394821668e+02
5 51 7.002055e-01 1.159842e+00  2.494101774248261165e+02  2.494101774248261165e+02  2.731471188063065938e+02  3.142439914943506096e+02
5 51 9.226359e-01 1.322910e+00  2.183463331677151018e+02  2.183463331677151018e+02  2.391512107267595866e+02  3.605419784616560719e+02
8 81 7.176557e-01 1.321028e+00  2.108421927018830786e+02  2.392271407252751487e+02  2.473808907608851655e+02  3.004483010235202300e+02
6 61 7.022907e-01 1.167909e+00  2.334316664848516325e+02  2.334316664848516325e+02  2.692283483548684444e+02  3.241705817246060519e+02
7 71 7.475335e-01 1.283822e+00  1.970466978561829876e+02  2.043542198892682791e+02  2.281821051837947607e+02  4.035896261119486326e+02
6 61 9.271565e-01 1.373109e+00  2.148772723098825566e+02  2.148772723098825566e+02  2.228291121278163303e+02  2.771958286135028970e+02
9 91 6.685663e-01 1.328611e+00  2.108421927018830786e+02  2.276662688506984580e+02  2.620074436436573251e+02  3.457247418204837572e+02
7 71 7.893616e-01 1.296628e+00  2.104877715488358376e+02  2.104877715488358376e+02  2.532079946570314632e+02  3.208529896577604177e+02
7 71 9.118799e-01 1.422417e+00  2.054085835956409198e+02  2.054085835956409198e+02  2.425953180057533132e+02  3.727956858964778348e+02
8 81 8.029699e-01 1.354356e+00  2.084350305410872011e+02  2.084350305410872011e+02  2.385918746353149231e+02  3.541640608709278695e+02
10 101 6.040121e-01 1.338613e+00  2.108268735143947197e+02  2.108268735143947197e+02  2.563490230606773821e+02  2.767370301749821238e+02
8 81 6.604909e-01 1.299743e+00  1.970466978561829876e+02  2.042649371817201995e+02  2.310820712485024160e+02  3.259065184672424493e+02
8 81 9.560985e-01 1.506691e+00  2.054085835956409198e+02  2.193108828218557278e+02  2.586509267181633618e+02  3.463133468145272218e+02
9 91 8.083502e-01 1.371397e+00  2.034735678463533759e+02  2.034735678463533759e+02  2.326108906359055766e+02  3.734660481506633118e+02
11 111 5.701852e-01 1.330961e+00  2.108268735143947197e+02  2.110094647151014726e+02  2.329670837116542543e+02  2.615613995489778745e+02
9 91 5.981975e-01 1.302161e+00  1.970466978561829876e+02  2.062096625040910567e+02  2.325620978743331193e+02  2.778239470871529875e+02
9 91 9.850107e-01 1.573281e+00  2.054085835956409198e+02  2.118861763232572457e+02  2.350832507496254777e+02  3.457181743554858144e+02
10 101 8.145823e-01 1.385785e+00  2.034735678463533759e+02  2.069392050723412240e+02  2.359189049854566633e+02  3.652955595415102721e+02
12 121 5.724402e-01 1.372253e+00  2.105615094149667357e+02  2.105615094149667357e+02  2.165165608398889958e+02  2.287350129858785124e+02
11 111 7.867656e-01 1.392090e+00  2.034735678463533759e+02  2.094007899949572220e+02  2.363483296616380755e+02  3.163935103270629270e+02
10 101 9.351115e-01 1.599388e+00  2.054085835956409198e+02  2.221659388597691986e+02  2.437242973134219710e+02  2.857198758528967915e+02
10 101 5.577804e-01 1.307277e+00  1.970466978561829876e+02  2.069035855068497085e+02  2.337852068826115897e+02  2.630985360666808219e+02
13 131 5.539277e-01 1.400976e+00  2.100116522104859200e+02  2.100116522104859200e+02  2.268827541831655594e+02  2.436439992490302302e+02
12 121 7.929347e-01 1.464112e+00  2.034735678463533759e+02  2.119469924235148426e+02  2.333838269714136686e+02  2.594983385228103430e+02
11 111 5.086829e-01 1.326527e+00  1.970466978561829876e+02  2.044179913449162598e+02  2.101167135059081090e+02  2.357815563957526592e+02
11 111 8.866825e-01 1.642560e+00  2.054085835956409198e+02  2.124989736111685943e+02  2.338204847640899686e+02  2.992481864986355049e+02
14 141 5.212297e-01 1.406925e+00  2.094194017702153872e+02  2.094194017702153872e+02  2.161510108292542327e+02  2.592643938529743650e+02
13 131 7.261636e-01 1.481255e+00  2.034735678463533759e+02  2.065885255772622031e+02  2.368449060460149553e+02  3.120362579488106576e+02
12 121 9.327657e-01 1.755481e+00  1.980755237041108501e+02  1.980755237041108501e+02  2.385361051491519788e+02  4.457729045595344815e+02
15 151 4.531980e-01 1.426671e+00  2.066103629269807129e+02  2.066103629269807129e+02  2.188542577721461839e+02  2.627259639407183158e+02
14 141 6.681693e-01 1.476476e+00  2.034735678463533759e+02  2.098444072921898282e+02  2.152425525049231112e+02  3.082000852817623127e+02
12 121 4.420289e-01 1.333042e+00  1.970466978561829876e+02  1.978059349280826211e+02  2.133049719843789376e+02  2.596664810898401470e+02
15 151 6.033027e-01 1.479442e+00  2.034735678463533759e+02  2.053473028686328234e+02  2.235439583624224156e+02  3.688957176324158240e+02
13 131 8.672751e-01 1.779087e+00  1.980755237041108501e+02  2.072603385078529925e+02  2.321393285405065967e+02  4.893466301070602071e+02
16 161 4.081052e-01 1.452185e+00  2.062003893436229021e+02  2.062003893436229021e+02  2.097677219104523090e+02  2.375682857753472490e+02
13 131 4.529475e-01 1.332331e+00  1.970466978561829876e+02  1.979923047120837509e+02  2.044576765400606746e+02  2.232258822548246258e+02
16 161 6.087304e-01 1.482416e+00  2.034735678463533759e+02  2.080157017740897345e+02  2.145860447138467464e+02  3.063312144258607077e+02
17 171 4.131945e-01 1.520112e+00  2.026266512831618343e+02  2.026266512831618343e+02  2.115993681863192251e+02  2.242811990177992243e+02
14 141 7.992039e-01 1.782014e+00  1.980755237041108501e+02  2.086053050283433947e+02  2.232728654022286321e+02  3.348915876843465185e+02
14 141 4.311789e-01 1.336632e+00  1.969024713730809708e+02  1.969024713730809708e+02  2.064856223600690157e+02  2.283030291002669401e+02
17 171 6.291425e-01 1.502434e+00  2.034735678463533759e+02  2.107774070943086144e+02  2.246839897419501142e+02  2.715429290875109700e+02
18 181 3.942191e-01 1.537988e+00  2.026266512831618343e+02  2.035130074291483879e+02  2.129073050355937653e+02  2.386338902612687320e+02
18 181 5.654645e-01 1.517132e+00  1.998637575274629796e+02  1.998637575274629796e+02  2.186331553479140837e+02  2.817379119288897300e+02
15 151 4.061429e-01 1.349718e+00  1.969024713730809708e+02  1.988644346837699004e+02  2.035352046990586530e+02  2.449580352032541271e+02
15 151 7.523912e-01 1.805899e+00  1.980755237041108501e+02  2.081649694914118527e+02  2.214653751512453255e+02  2.611277153117059697e+02
19 191 5.567991e-01 1.645189e+00  1.998637575274629796e+02  2.079326701280289171e+02  2.191284881885848677e+02  3.868040210264233565e+02
19 191 3.922544e-01 1.541697e+00  2.026266512831618343e+02  2.059611929441627467e+02  2.121478117916981887e+02  2.370117161487008843e+02
16 161 4.081316e-01 1.401487e+00  1.969024713730809708e+02  1.985566265690792704e+02  2.034858392413203205e+02  2.312386812208475249e+02
16 161 7.073586e-01 1.816269e+00  1.980755237041108501e+02  2.110926302768478990e+02  2.204460932322818962e+02  3.021342850193872778e+02
20 201 5.353204e-01 1.655544e+00  1.998565216658823260e+02  1.998565216658823260e+02  2.162280379314572087e+02  2.422971658730435820e+02
17 171 4.159050e-01 1.464698e+00  1.969024713730809708e+02  1.970818394013825525e+02  2.095601951863848171e+02  2.381477712302627765e+02
20 201 3.975580e-01 1.547320e+00  2.026266512831618343e+02  2.056384878909169629e+02  2.138700905750577590e+02  2.271009608878476058e+02
17 171 6.224717e-01 1.824904e+00  1.980755237041108501e+02  1.996811756149298276e+02  2.212447577132573429e+02  2.819095125490026703e+02
18 181 4.022771e-01 1.502127e+00  1.969024713730809708e+02  1.972949868338818646e+02  2.049348215059226561e+02  2.155577881948053118e+02
18 181 5.863481e-01 1.827377e+00  1.980755237041108501e+02  2.018355676318445262e+02  2.135763936540034535e+02  2.477895651479831542e+02
19 191 3.655484e-01 1.516001e+00  1.969024713730809708e+02  2.011092806628760741e+02  2.050621728637674437e+02  2.217648044631797006e+02
19 191 5.617255e-01 1.869487e+00  1.980755237041108501e+02  2.019629663493406042e+02  2.173343328734595161e+02  2.325284833199535228e+02
20 201 3.320354e-01 1.525421e+00  1.969024713730809708e+02  1.976371347744345144e+02  2.021962725999326267e+02  2.254837841257569551e+02
20 201 5.858973e-01 1.876694e+00  1.980755237041108501e+02  2.046716603948861462e+02  2.150370303404076253e+02  3.772839104995156845e+02
